107 127 144 148 162 162 173 173 173 182 182 182 182 182 182 187 188 196 199 204 211 212 212 228 230 230 247 247 257 258 275 285 299 299 304 310 312 339 350 369 390 399 409 431 431 455 507 507 517 524
113 133 141 141 141 143 154 167 167 169 174 177 191 195 236 236 247 269 308 308 308 315 315 347 347 363 374 374 413 493 508 532 535 587 597 597 612 629 652 682 697 708 737 737 811 831 831 871 871 905
110 114 142 172 172 172 172 172 173 177 199 199 206 206 209 224 228 228 228 234 245 250 250 285 285 308 308 323 345 369 369 375 409 434 434 461 477 493 498 558 628 629 658 658 658 658 691 691 713 750
116 136 136 167 175 175 177 200 200 200 213 221 237 237 237 237 237 246 246 250 250 250 269 269 283 289 326 331 331 386 386 403 403 416 431 431 492 492 492 527 539 555 558 592 606 608 638 638 670 685
119 141 148 158 158 158 158 159 172 172 172 172 172 182 186 193 203 208 208 228 228 228 228 228 247 265 281 284 288 288 303 328 345 390 390 397 399 445 491 491 493 496 506 516 562 575 575 622 629 646
115 136 155 191 210 214 262 262 262 262 262 284 284 309 333 350 350 382 407 440 440 453 474 474 500 544 558 561 591 598 620 721 724 724 727 752 752 778 788 810 841 841 865 889 943 943 943 954 985 1013
112 160 160 199 213 215 232 232 273 273 277 309 309 320 320 349 349 349 349 349 371 374 374 379 379 487 496 502 516 534 550 553 583 583 605 605 662 662 690 690 690 725 734 794 794 799 818 917 928 948
112 134 147 191 191 191 191 193 206 206 206 218 218 228 228 244 251 251 267 315 338 342 356 400 411 422 422 443 540 540 582 582 582 587 597 622 704 704 726 757 795 867 867 959 959 977 1005 1033 1074 1102
109 140 140 141 141 161 161 164 164 187 218 218 218 218 226 226 233 233 233 266 281 281 315 315 315 335 351 366 394 449 475 548 593 634 647 658 709 727 746 776 776 783 792 858 858 892 901 904 957 998
112 124 139 141 141 148 165 169 204 213 213 218 218 250 266 266 280 324 324 324 324 329 329 329 329 351 364 364 364 375 375 419 427 458 471 471 482 482 514 582 582 582 599 599 650 650 693 700 703 733
