48 69 69 78 90 94 118 148 174 174 180 186 190 224 225 238 241 248 254 268 273 278 278 287 287 312 312 312 337 341 356 356 356 368 375 375 419 425 434 434 434 447 447 459 462 473 473 482 482 482
51 74 86 92 112 112 125 164 165 180 186 208 228 228 238 260 260 265 291 291 303 316 316 327 351 356 360 367 392 392 395 395 401 406 448 452 461 466 480 480 492 502 505 505 514 514 520 525 533 533
50 80 83 87 108 133 147 147 150 167 167 186 195 201 219 225 233 259 273 312 332 339 339 347 355 359 380 405 416 421 427 447 447 449 457 469 485 485 500 500 500 504 519 525 532 547 547 547 547 557
50 72 81 94 112 127 127 147 147 158 160 160 173 179 199 201 226 226 233 235 242 257 286 286 286 303 303 317 320 327 334 350 352 357 375 385 388 416 420 433 433 442 445 445 465 465 475 485 485 485
50 96 114 121 164 167 177 177 177 206 206 214 214 235 235 249 250 251 259 265 279 296 299 308 310 319 328 339 348 350 381 386 386 386 387 406 406 420 420 420 436 447 447 447 501 501 513 513 513 516
53 82 83 86 99 114 126 149 149 177 182 192 192 193 256 256 263 263 264 278 287 296 296 306 306 328 328 331 350 355 383 383 383 383 383 405 407 412 414 435 443 445 445 455 463 463 463 473 473 473
54 71 82 91 96 96 111 111 119 135 142 142 142 153 158 174 174 198 202 207 212 212 220 220 227 227 248 266 266 266 266 289 289 291 298 307 313 322 329 332 333 352 352 356 362 366 368 401 411 411
51 67 76 95 95 129 136 137 155 155 173 175 183 191 223 223 231 254 254 256 261 273 278 312 325 325 325 332 332 348 360 368 383 400 400 402 413 413 418 419 419 426 440 440 449 458 458 492 492 492
50 76 86 93 102 102 113 114 135 138 138 147 173 179 192 201 205 215 215 228 245 245 250 255 257 279 289 289 289 307 307 334 334 334 337 345 352 352 367 369 369 375 375 382 387 393 393 398 418 428
50 71 79 92 112 127 134 134 149 179 179 202 214 214 229 232 240 244 257 275 275 283 288 293 307 315 327 357 362 374 374 374 387 392 397 408 421 457 457 457 457 478 487 490 490 491 521 521 521 528
