114 134 134 134 147 195 195 195 195 195 195 195 195 195 216 216 216 216 216 216 216 216 216 216 216 216 216 216 216 216 216 216 216 216 216 216 216 216 216 216 216 216 216 216 220 220 220 220 220 220
112 134 134 134 142 142 146 146 153 156 165 165 165 165 165 165 165 165 165 165 165 165 165 165 165 165 172 172 172 172 172 172 172 172 172 172 172 172 172 172 172 172 172 172 172 172 172 172 172 172
113 115 122 137 137 137 137 137 137 137 137 137 137 137 152 152 152 152 152 152 152 152 152 152 152 152 152 152 152 152 152 152 152 152 154 154 159 159 159 159 159 159 159 159 159 159 159 159 159 159
115 120 143 143 143 143 147 147 147 147 147 147 147 153 153 153 153 153 153 153 153 153 153 153 153 153 153 153 179 179 179 179 179 179 179 179 179 179 179 179 179 179 179 179 179 179 179 179 179 179
111 137 137 137 137 144 153 153 153 153 153 153 153 153 153 175 189 189 189 189 189 189 189 189 189 189 189 189 189 199 199 199 199 199 199 199 199 199 199 213 213 213 213 213 213 213 213 213 213 213
111 130 140 140 140 140 140 143 143 143 162 162 170 170 170 170 170 170 175 175 175 175 175 175 175 175 175 175 175 175 175 175 175 175 175 175 175 175 175 175 175 175 175 175 175 175 175 175 175 175
110 125 125 125 125 129 136 136 139 145 145 145 145 145 146 146 162 162 162 162 162 162 173 173 173 173 173 173 173 173 173 173 173 173 173 173 173 173 173 173 173 173 173 173 185 185 185 185 185 185
110 124 126 126 139 139 139 139 139 144 144 144 163 163 163 163 163 163 163 163 163 163 163 163 163 163 163 163 163 163 172 172 172 172 172 172 172 172 172 172 172 172 172 172 172 172 172 172 172 172
110 118 126 126 129 129 129 129 136 136 136 136 136 136 136 136 142 142 142 142 142 142 142 159 159 159 160 160 160 160 160 160 160 160 163 163 163 163 163 163 166 166 166 166 166 166 166 166 166 166
114 121 143 143 143 143 143 143 143 143 143 143 143 143 147 147 147 147 147 147 152 152 156 156 156 170 170 170 170 170 170 170 170 170 170 170 170 170 170 170 170 170 179 179 179 179 179 179 179 179
