53 74 74 82 89 116 125 148 149 158 158 179 185 222 259 302 307 339 339 360 360 377 380 392 402 436 455 504 504 506 516 531 538 566 567 574 586 610 640 650 650 656 677 677 684 684 690 690 695 697
47 64 73 85 98 128 128 147 156 164 181 206 208 234 238 240 251 257 269 288 288 308 316 332 341 362 363 384 384 397 397 432 439 439 450 459 459 478 488 488 489 500 518 518 519 519 564 564 564 573
51 92 92 102 102 120 126 159 179 192 234 239 249 252 296 316 316 325 341 342 359 386 398 398 427 427 431 445 456 462 480 500 518 518 540 541 550 560 566 572 595 595 601 610 620 640 640 656 656 656
49 76 98 111 123 139 139 142 167 180 191 191 203 215 231 250 267 270 278 296 304 322 332 346 373 373 386 406 412 424 437 448 467 493 493 504 534 537 543 554 573 578 624 639 639 653 663 663 667 673
51 68 82 85 108 149 149 149 167 177 187 199 200 229 244 244 282 292 292 300 329 329 339 339 360 370 395 422 427 440 479 486 493 503 508 514 526 529 542 566 586 601 608 613 617 630 640 643 649 669
50 74 74 83 110 118 135 139 155 215 225 225 245 245 254 263 282 296 300 321 337 346 366 366 374 389 399 416 425 436 438 453 461 487 487 522 522 541 541 541 541 548 556 574 574 581 581 591 596 612
50 72 74 91 110 116 127 148 158 173 197 197 217 217 226 250 257 277 310 318 340 344 365 372 385 409 409 437 454 459 483 513 517 526 533 548 557 566 571 581 592 599 603 617 628 640 640 650 661 673
48 63 78 94 109 119 120 145 147 165 178 199 223 223 223 231 242 242 246 267 269 302 302 316 332 352 352 357 371 373 387 420 420 433 442 452 462 469 478 488 498 514 519 537 539 541 562 563 567 578
50 82 124 137 173 184 188 188 198 213 237 266 266 283 288 301 318 328 328 345 367 392 392 407 421 431 466 472 519 531 537 544 584 584 609 609 629 629 633 634 634 634 653 653 661 670 670 680 680 680
50 73 75 79 83 98 98 114 141 150 196 211 211 257 257 323 328 346 371 378 392 418 418 434 442 454 476 476 490 511 521 532 563 563 563 582 582 589 597 617 617 617 619 633 639 646 646 653 658 671
