50 64 70 74 74 74 81 81 85 86 92 92 96 96 96 96 97 125 125 125 125 125 125 125 125 125 125 125 125 125 125 125 125 125 125 125 125 125 125 125 125 125 125 125 125 125 125 125 125 125
50 57 68 79 82 82 90 100 100 100 100 105 105 105 105 105 105 111 111 111 111 111 125 125 125 125 125 125 125 125 125 131 131 131 144 144 144 144 144 156 156 156 156 156 156 156 164 164 184 184
50 69 69 77 90 90 113 113 113 113 113 113 113 113 113 113 113 114 123 125 125 125 125 125 128 128 128 128 128 128 128 128 128 144 144 144 144 144 144 144 150 150 150 150 150 150 150 150 150 150
51 69 82 82 97 97 97 97 97 97 97 101 101 101 101 104 108 119 135 135 135 146 146 146 146 146 146 146 146 146 146 146 146 146 146 146 146 146 149 149 149 149 149 149 149 149 149 149 149 149
50 73 78 78 78 84 84 84 84 84 84 98 98 98 101 101 101 101 101 101 104 104 104 107 107 107 112 113 113 113 124 124 124 124 124 124 124 124 124 124 136 136 136 136 136 136 136 136 136 136
49 69 69 69 69 74 82 93 93 93 93 93 93 93 93 93 93 93 93 93 93 93 93 94 107 107 107 107 107 107 107 107 109 109 109 109 109 109 109 109 109 109 109 109 109 109 109 109 109 120
50 57 63 68 68 87 90 90 94 100 100 100 100 100 100 100 104 104 108 108 108 108 108 108 108 108 108 108 108 108 108 108 108 108 119 119 121 121 121 121 121 125 125 125 125 125 125 125 125 125
51 63 74 79 79 79 80 80 95 95 95 95 95 95 95 95 95 95 95 95 95 95 107 107 107 107 107 109 109 139 139 139 139 139 139 139 139 139 139 139 139 139 139 139 139 139 139 139 139 139
54 62 76 80 80 80 80 92 95 95 130 130 130 130 130 130 130 130 130 138 138 138 138 138 138 138 138 138 138 138 138 138 138 138 138 138 138 138 138 138 138 138 138 138 138 138 138 138 138 138
50 71 83 85 85 85 85 87 101 101 102 114 135 135 135 135 135 135 135 135 135 135 135 135 135 135 137 137 147 149 149 149 149 149 149 149 149 149 149 149 157 157 157 157 157 157 157 157 157 157
