114 135 137 142 169 169 169 187 187 193 193 193 211 211 231 231 235 237 250 259 270 270 276 276 276 276 315 315 315 340 340 365 365 376 376 376 377 383 401 401 426 427 427 447 447 447 451 496 506 522
113 124 137 140 145 145 145 145 148 148 148 151 151 162 162 162 162 175 175 185 185 185 185 185 185 193 193 203 203 203 203 203 203 203 203 207 212 227 227 227 227 232 235 235 241 245 245 250 250 252
110 137 139 141 150 150 164 175 175 175 175 211 211 211 211 211 211 211 211 211 211 211 211 211 211 211 247 247 247 247 247 251 278 278 278 278 278 278 278 278 278 278 283 289 312 312 312 312 319 319
116 127 140 153 164 164 168 178 178 181 181 181 206 206 206 206 212 219 219 234 234 286 286 286 286 286 286 303 303 303 303 312 312 312 312 321 321 333 342 343 355 355 355 364 380 448 448 449 449 449
119 120 127 138 142 160 160 160 176 176 176 176 176 176 176 186 186 186 188 194 226 226 236 236 237 237 247 313 313 351 351 351 367 386 386 440 440 440 440 440 440 440 472 481 481 481 489 489 495 524
110 139 141 148 157 157 157 176 176 176 177 177 196 197 197 218 218 218 254 254 254 257 273 318 318 319 377 377 377 377 377 380 450 450 450 450 450 450 450 450 450 450 456 465 471 480 481 487 519 519
112 129 147 147 147 147 161 161 161 161 171 171 171 171 184 184 184 184 184 193 193 193 193 200 200 200 214 226 226 246 246 260 270 270 270 272 274 280 296 296 298 305 305 316 325 325 325 346 371 373
109 143 144 151 152 161 162 162 162 184 184 184 210 210 210 213 213 213 250 250 284 284 284 284 284 284 284 386 386 386 386 386 386 386 386 386 386 386 386 386 386 407 416 416 437 437 437 437 437 437
113 138 144 175 175 175 190 195 201 201 211 224 224 224 231 262 285 285 285 285 301 301 309 315 328 328 358 366 366 366 366 366 368 368 393 435 435 435 435 435 466 466 466 527 527 529 529 529 531 547
115 130 135 149 149 149 149 156 156 156 156 156 167 167 182 182 182 187 187 192 192 192 192 192 192 192 192 195 208 208 208 212 239 242 242 242 242 242 286 286 286 286 286 286 286 289 289 289 300 300
