50 66 69 69 86 86 86 105 105 105 107 107 107 125 125 127 127 127 127 130 132 140 140 140 153 153 153 153 168 168 168 168 168 168 168 187 187 187 187 187 187 189 189 189 189 189 189 189 189 189
45 54 56 59 61 63 75 75 75 75 75 80 80 80 80 80 80 80 110 110 110 110 110 110 112 119 119 132 132 132 132 132 132 138 138 138 138 138 138 138 138 138 145 145 153 153 153 153 153 153
50 63 69 93 93 93 93 98 98 98 98 98 98 98 111 112 113 124 124 124 124 124 124 124 124 124 124 124 135 135 135 147 147 147 147 147 147 147 147 147 151 159 161 161 161 161 175 175 175 175
50 57 67 71 71 71 80 81 81 101 101 101 116 121 131 131 137 146 146 146 146 146 146 150 155 155 155 155 185 185 185 185 188 194 194 194 199 204 204 204 204 209 213 229 229 229 229 229 232 232
48 60 69 76 76 76 76 76 76 76 86 86 86 89 95 95 95 95 95 98 98 115 115 127 129 129 129 129 129 132 132 132 135 138 139 139 139 139 139 147 147 147 147 147 163 163 171 171 171 171
51 57 63 74 74 74 89 100 100 100 100 118 118 118 131 131 131 131 143 143 143 143 143 150 150 150 165 165 165 165 165 175 175 175 175 205 205 205 205 205 205 240 240 240 240 240 240 245 245 245
50 66 74 74 74 88 88 96 96 96 96 104 113 113 113 113 113 113 113 114 118 118 118 121 125 125 143 143 143 143 143 143 147 147 147 147 147 156 156 156 156 156 156 156 165 165 165 165 165 183
51 51 71 71 98 98 98 98 98 98 98 98 111 111 112 126 126 134 142 142 151 157 168 168 168 168 168 168 180 185 185 185 185 187 188 188 188 202 202 202 202 216 216 216 216 216 216 227 227 239
49 70 70 86 97 97 97 108 120 131 131 166 170 186 192 192 198 205 205 205 217 217 220 220 220 230 230 230 230 252 252 252 252 252 252 252 252 252 252 252 252 257 257 257 269 284 284 284 284 284
48 68 68 75 75 75 79 109 109 118 119 120 125 125 139 139 139 152 166 166 166 166 166 166 166 166 177 177 177 177 182 182 182 184 184 185 196 196 205 205 205 205 211 211 211 221 221 221 227 227
