111 123 131 131 131 131 131 131 131 132 133 133 133 144 144 144 144 151 151 151 151 151 151 166 166 166 166 166 166 166 166 166 166 166 166 166 166 166 166 166 166 166 166 166 166 167 167 167 167 167
110 110 121 121 126 126 132 132 132 142 148 148 148 148 148 148 148 148 161 161 161 161 169 169 169 169 169 169 169 169 169 169 169 169 169 169 169 169 169 169 169 188 188 188 188 188 188 188 188 188
104 115 130 130 133 140 140 140 149 149 157 157 166 166 166 166 166 166 170 170 170 178 178 178 178 178 178 178 178 178 178 178 182 182 182 189 189 189 189 189 189 189 192 192 192 192 192 192 192 192
108 119 119 126 126 126 126 144 144 144 144 144 155 161 161 161 161 161 161 161 161 161 161 171 171 171 171 171 171 171 171 189 189 189 189 189 189 189 189 189 189 202 202 202 202 202 202 202 202 202
120 121 131 131 133 134 134 141 174 174 174 174 174 174 174 174 174 174 174 177 177 177 177 177 177 177 181 181 181 181 181 181 181 181 181 181 181 181 181 196 196 196 196 196 197 197 197 197 197 197
113 131 131 131 132 132 132 132 132 132 132 136 136 140 140 140 140 140 140 140 150 150 150 150 150 150 150 150 150 150 150 150 150 150 150 150 150 150 150 150 150 150 153 155 155 155 155 155 155 155
116 120 162 162 162 173 173 173 173 173 173 173 173 173 173 173 173 173 173 173 173 183 183 183 183 183 197 205 205 205 215 215 215 215 215 215 215 215 215 254 254 254 254 254 254 254 254 254 257 257
110 110 126 126 126 127 150 150 150 150 150 150 150 172 172 172 172 178 178 178 178 178 178 178 178 179 179 179 179 179 179 179 179 179 179 179 179 179 185 186 186 186 186 192 193 195 195 195 228 228
110 120 128 128 133 133 133 135 141 141 141 141 141 141 141 170 170 170 170 170 175 175 175 175 175 175 175 175 175 175 175 175 175 186 186 186 186 186 186 186 186 195 195 195 195 195 195 195 195 198
105 118 118 131 140 140 140 140 144 144 147 147 151 154 155 155 155 162 165 165 165 165 165 165 165 165 165 165 165 165 165 165 165 165 165 165 165 165 172 172 172 172 172 172 172 172 172 173 173 173
