46 66 67 67 67 82 82 82 82 84 86 86 100 100 100 100 100 134 134 134
47 63 79 79 79 84 84 86 107 115 123 130 135 135 147 157 159 164 171 175
50 57 63 73 92 95 95 103 103 116 118 118 118 122 130 139 139 139 147 147
48 64 79 79 86 99 99 99 99 115 115 115 115 119 129 134 158 158 163 164
49 63 63 72 73 81 81 81 89 89 89 94 94 94 99 104 111 114 125 148
50 65 83 83 83 84 96 96 105 109 115 115 115 115 133 133 133 137 137 142
49 67 76 76 85 92 111 111 111 111 124 151 151 151 154 156 177 180 189 189
51 64 72 72 72 80 81 82 90 113 113 113 115 115 115 120 120 120 121 121
45 63 69 70 87 106 117 117 126 128 128 148 148 148 148 158 158 158 158 169
45 69 69 69 69 70 81 81 81 81 81 81 84 86 87 87 87 94 129 129
50 69 78 85 85 97 97 110 112 113 134 134 134 134 134 135 137 137 137 146
50 59 67 77 99 99 99 99 100 106 106 111 112 124 124 124 136 136 136 139
48 63 71 71 71 78 85 88 88 88 108 108 108 108 108 108 108 109 113 113
56 57 58 63 66 73 73 77 82 82 82 82 82 83 87 87 87 87 87 87
47 54 92 92 114 114 114 114 114 114 114 124 124 124 124 136 136 136 136 141
50 73 73 73 76 76 76 76 90 90 90 91 94 94 94 94 96 96 109 112
50 68 84 97 107 107 112 117 123 127 127 148 148 148 148 164 164 165 165 165
49 69 73 73 79 82 87 87 87 87 99 99 100 100 100 114 114 114 114 121
110 144 174 202 241 276 279 316 316 333 343 355 366 407 416 432 447 457 469 469
50 69 69 76 76 76 76 76 89 89 89 90 90 90 105 105 110 110 110 121
50 62 73 84 84 84 84 86 93 93 93 95 98 109 111 111 111 111 111 111
50 73 87 87 87 92 92 114 114 114 146 146 146 146 146 164 164 164 170 170
47 65 65 70 70 70 77 77 81 81 82 89 89 89 89 89 89 106 106 106
58 87 87 103 103 103 103 115 123 123 123 123 128 140 140 143 146 146 163 163
52 65 81 84 91 91 101 119 119 122 122 122 122 123 123 123 156 156 156 156
110 110 121 130 130 130 130 130 135 135 135 135 135 136 136 136 138 138 138 138
112 115 121 129 136 136 136 136 143 143 168 168 168 168 175 176 179 179 179 179
110 117 122 137 137 138 138 138 138 138 138 138 138 138 138 138 143 143 161 161
