111 134 138 138 138 138 138 138 138 138 138 138 146 146 146 146 146 146 146 146 146 153 153 153 166 166 166 166 166 166 166 166 166 166 166 166 166 166 166 166 166 166 166 166 166 166 166 166 166 166
101 118 118 120 120 126 137 137 137 137 137 153 153 153 153 153 154 154 154 154 154 154 154 154 154 154 154 154 154 154 154 154 154 154 154 154 154 154 155 155 177 177 187 187 187 187 187 187 187 187
104 123 123 123 124 124 125 125 125 130 130 130 130 130 130 130 141 141 141 141 144 144 144 144 144 144 144 144 144 165 165 165 165 165 165 165 165 165 165 165 165 165 165 165 165 165 165 165 165 165
109 111 112 129 129 129 129 129 129 129 129 129 129 129 129 129 135 135 145 145 145 145 145 145 145 145 145 145 145 145 145 145 145 145 145 145 145 145 145 145 145 145 145 145 145 145 145 145 145 145
113 116 117 117 117 127 127 127 127 137 137 137 137 137 137 137 137 137 137 137 137 137 148 148 148 148 148 148 148 148 148 148 148 148 148 148 148 148 148 148 148 148 148 148 148 148 148 148 148 148
110 117 126 139 139 139 139 140 140 140 140 140 140 140 140 140 140 146 146 159 159 159 159 172 172 172 172 172 172 172 172 172 172 172 172 172 172 172 172 172 172 172 172 172 172 172 185 185 185 185
110 122 122 133 133 133 133 133 133 133 140 140 140 145 145 145 145 145 145 145 145 145 145 145 145 145 145 145 151 151 151 151 151 151 151 151 151 151 151 151 151 151 151 151 151 151 151 151 151 151
114 133 133 133 133 137 137 144 144 144 144 144 144 144 144 144 144 174 174 174 174 174 179 179 179 189 189 189 189 189 189 189 189 189 189 189 189 189 189 189 189 189 189 189 189 189 189 189 200 200
115 122 129 145 145 145 145 145 145 145 145 145 148 148 148 148 148 148 148 148 148 148 148 148 148 148 148 148 148 148 148 148 154 154 154 154 166 166 166 166 166 166 166 166 166 166 200 200 253 253
109 113 117 146 146 146 148 148 148 149 149 149 149 149 154 154 155 155 155 155 158 158 158 158 158 158 158 158 158 158 158 158 158 158 158 158 158 158 158 159 159 159 159 159 159 159 159 159 159 159
