46 57 69 70 70 104 104 104 104 104 104 104 104 104 109 109 109 109 113 113 113 113 113 113 113 113 119 119 119 129 129 129 140 144 144 186 193 211 211 211 211 211 211 211 211 223 223 223 223 223
45 58 68 68 72 72 74 74 79 79 79 81 81 89 89 89 89 89 98 98 98 98 98 98 98 104 104 104 104 104 104 104 136 136 136 136 136 136 136 136 136 136 136 136 142 142 142 142 142 142
48 64 67 67 77 77 77 81 81 81 81 81 103 103 103 103 103 103 116 116 116 116 116 116 116 116 116 116 132 132 132 132 132 132 132 132 132 132 132 132 132 132 132 132 132 132 132 132 132 132
47 63 79 79 79 79 79 83 88 94 94 94 94 94 94 94 94 94 108 128 128 128 128 128 128 128 128 128 128 128 128 128 128 128 128 128 128 128 128 128 128 128 128 128 128 128 131 131 131 131
49 70 70 70 77 77 77 77 86 86 86 87 87 90 90 90 90 98 98 105 105 105 105 105 105 105 105 105 119 119 119 119 119 119 129 129 129 129 138 138 138 138 138 138 138 138 138 138 138 138
48 56 61 68 68 72 72 72 72 81 81 81 81 81 83 85 92 92 93 93 93 96 96 96 96 96 96 96 96 96 96 96 101 101 101 101 101 101 102 102 102 102 102 113 113 113 113 113 113 113
46 70 71 77 91 91 91 91 91 92 92 92 92 92 92 92 92 100 100 100 100 103 120 120 120 120 120 120 120 120 120 120 120 120 120 120 120 120 120 120 120 127 127 127 127 130 130 130 130 130
45 63 63 65 115 115 115 125 125 155 155 155 155 160 160 160 172 172 172 172 172 172 172 179 179 179 179 179 181 181 181 181 181 181 190 190 192 192 192 192 199 199 199 199 199 199 199 199 199 199
50 65 69 79 79 80 80 80 80 80 84 87 87 87 87 87 87 87 87 87 87 87 92 92 92 92 92 92 92 92 121 121 121 121 121 125 125 125 125 125 125 125 125 125 125 125 125 125 125 125
49 51 53 59 64 64 64 70 70 70 81 81 81 81 81 81 81 83 83 83 83 83 83 83 88 88 94 94 94 94 94 94 94 94 94 94 94 98 98 109 114 114 114 114 114 114 114 114 114 114
