50 95 95 95 95 99 110 112 117 143 143 161 179 179 194 212 218 228 244 253 271 291 306 306 306 319 321 330 339 353 355 375 391 391 395 413 414 421 427 448 450 456 457 486 486 502 502 503 514 517
48 70 70 80 80 97 98 108 116 116 129 144 144 158 182 212 212 212 219 262 262 262 262 287 287 297 308 323 329 335 347 363 379 403 403 416 429 458 458 482 482 482 517 517 524 524 561 561 576 576
51 65 87 106 108 112 130 134 164 167 167 180 183 189 200 219 229 229 229 238 257 257 257 281 281 287 292 297 310 325 325 334 344 360 364 384 384 388 398 411 411 411 417 417 420 427 436 450 460 467
50 65 78 87 89 101 102 109 118 138 157 159 181 201 231 237 244 252 267 273 292 292 319 329 335 352 359 408 421 428 432 435 450 450 475 482 498 513 528 530 538 542 542 544 558 578 578 581 584 585
49 69 69 69 90 90 90 107 129 129 144 144 175 175 216 216 216 218 218 233 233 253 253 258 262 274 304 304 316 316 330 344 357 361 361 372 375 383 417 417 421 423 428 434 436 470 470 470 470 471
49 74 81 104 104 104 105 116 116 130 130 132 174 184 184 223 223 241 250 250 251 271 271 282 282 301 311 311 318 321 341 345 349 381 385 387 407 419 424 437 437 456 456 456 465 477 487 487 504 512
49 56 60 81 81 91 91 93 99 99 102 118 129 144 148 148 154 163 165 185 194 201 201 210 216 241 241 246 248 257 277 277 292 309 347 347 347 347 347 351 357 359 372 380 389 389 434 434 434 434
50 60 68 68 69 69 69 71 71 72 72 72 72 72 81 81 81 81 96 96 96 96 96 97 97 103 103 103 103 103 103 129 129 129 129 129 129 129 134 151 151 162 162 162 165 165 166 166 174 174
46 63 75 75 76 106 108 113 130 145 145 159 200 210 210 228 249 249 249 265 273 273 287 308 309 329 340 357 373 373 373 378 388 396 406 428 431 447 447 451 459 459 477 477 488 508 508 508 508 511
50 61 76 76 76 76 85 85 110 132 137 141 154 162 165 180 184 190 197 245 245 270 270 270 275 280 292 300 309 321 324 342 357 362 376 386 400 400 435 435 436 441 453 462 462 471 471 482 507 507
