113 120 120 151 151 155 155 155 159 168 168 168 168 168 168 168 168 168 175 175 175 175 175 175 175 175 175 175 175 175 175 175 175 175 175 179 179 179 179 179 179 179 179 179 181 181 181 181 196 196
110 116 119 121 133 133 133 133 133 136 142 142 142 142 142 142 142 142 142 142 142 142 142 142 147 147 147 147 147 168 168 168 168 168 168 168 168 168 168 168 168 168 168 168 168 168 168 168 168 168
110 121 127 127 139 139 139 139 139 139 139 139 139 147 147 147 147 147 147 154 157 160 164 164 164 164 164 164 164 164 164 164 164 164 164 164 164 164 164 164 164 164 164 164 164 164 166 166 166 183
107 110 121 121 137 141 141 141 179 179 179 179 179 179 184 184 184 184 184 184 216 216 216 227 227 227 227 227 227 227 227 227 227 227 227 227 227 227 227 227 238 238 254 254 254 256 256 256 256 287
115 115 127 127 127 127 135 135 135 135 142 155 155 158 158 158 158 158 158 158 158 158 158 158 158 158 158 158 173 173 173 173 173 183 192 192 192 192 192 192 192 192 192 196 196 196 196 196 196 196
107 108 115 131 132 132 134 134 134 134 134 148 148 148 148 148 148 148 148 148 148 148 148 148 160 160 160 160 160 160 160 160 160 160 160 160 160 160 160 160 160 160 160 160 160 167 167 167 167 167
110 117 117 117 117 117 132 132 132 132 132 132 145 145 145 145 145 146 146 146 146 149 150 150 158 158 158 158 158 158 158 158 161 161 161 161 161 161 161 168 168 168 168 168 168 168 168 173 173 173
113 119 125 125 126 128 128 128 128 139 139 139 142 142 142 142 142 142 156 156 156 169 169 169 169 169 177 177 177 177 177 177 177 177 177 177 177 177 177 177 180 187 187 187 187 187 187 187 187 194
109 120 136 136 136 136 136 136 136 139 139 143 143 143 143 143 143 143 143 143 143 143 143 143 143 148 148 148 148 148 148 148 148 148 152 152 152 152 159 159 159 159 159 159 159 159 159 159 159 159
109 113 128 133 134 136 136 136 136 136 136 136 138 155 155 155 155 155 156 156 156 156 159 159 170 170 170 170 170 170 170 170 170 170 170 170 190 190 190 190 190 190 190 190 190 190 190 190 190 190
