116 125 143 143 143 143 163 163 163 163 163 163 163 206 206 206 206 206 206 206 206 211 212 212 212 216 231 231 231 259 259 259 280 280 314 314 354 354 354 354 354 354 354 362 362 362 405 405 405 405
110 123 123 130 141 141 141 142 143 146 146 146 146 146 146 146 146 146 146 146 146 146 146 146 146 146 146 146 151 152 152 152 152 152 156 156 156 156 156 156 156 156 156 156 156 156 156 156 156 156
110 118 118 118 119 122 130 130 130 130 130 130 130 132 132 133 133 133 133 135 137 137 137 137 137 139 139 143 143 143 143 143 143 143 143 143 143 146 146 146 146 146 146 146 146 146 146 147 149 149
107 110 119 119 134 134 134 134 134 134 136 136 136 136 137 137 144 144 144 144 144 144 150 150 150 150 150 150 150 150 150 150 150 152 152 152 152 152 152 152 152 152 152 152 152 152 152 152 152 152
110 122 136 136 136 136 136 137 137 137 138 138 138 138 138 138 141 141 141 141 141 141 147 147 147 147 147 147 147 147 159 159 159 177 184 184 184 184 188 235 235 270 270 270 270 270 270 270 270 270
113 113 117 117 133 133 133 141 142 142 144 150 152 158 158 161 161 193 193 193 193 193 193 193 194 204 204 204 204 204 204 207 213 213 277 277 277 280 301 301 305 305 344 344 361 361 361 375 381 381
120 122 122 140 147 147 147 148 148 148 148 148 154 154 154 154 154 154 154 154 154 154 154 154 154 154 154 154 154 154 154 174 174 174 182 183 183 183 183 183 183 195 195 195 195 195 195 195 195 195
112 124 141 141 141 141 141 149 149 151 151 151 156 159 163 163 168 198 198 198 213 213 213 214 214 214 214 214 214 214 225 225 225 225 225 225 230 230 241 241 241 241 241 241 241 243 244 244 246 246
109 111 133 133 147 147 147 148 148 148 150 150 150 170 170 170 170 170 170 170 170 170 170 170 177 182 182 182 204 204 204 209 209 223 223 229 241 305 305 305 305 305 305 305 305 305 305 324 324 324
105 120 121 126 126 126 126 127 127 127 127 127 127 132 132 132 132 132 132 132 132 132 132 132 132 132 132 132 132 132 132 132 132 132 132 135 135 135 135 135 135 135 135 135 135 135 145 145 145 145
