46 54 67 77 77 77 77 77 77 77 77 81 81 81 82 90 90 90 90 90 90 90 90 90 90 90 90 90 99 99 99 99 99 105 105 105 139 139 139 139 139 163 163 163 163 163 163 163 163 163
45 57 64 64 64 64 64 73 73 74 74 76 84 84 84 84 84 89 89 89 89 89 91 91 95 95 95 95 99 99 99 99 118 118 134 134 145 158 158 158 158 158 158 158 158 158 158 158 158 158
50 62 62 64 72 72 72 98 102 102 102 117 117 117 117 117 117 117 117 117 117 117 117 117 117 120 120 122 122 122 122 122 122 122 125 125 151 151 151 151 151 154 154 154 154 154 154 154 176 176
50 58 67 69 69 70 74 74 74 74 84 84 84 84 84 84 84 84 84 84 84 84 84 84 84 100 100 100 100 100 100 100 100 100 101 101 106 112 112 112 113 113 113 113 113 113 113 115 115 115
45 47 57 61 64 64 64 87 87 87 87 89 91 91 92 92 111 111 111 111 111 111 111 111 111 131 131 131 134 134 134 134 134 134 134 134 134 134 136 136 140 140 146 157 157 157 157 158 158 160
50 66 80 89 89 92 92 92 92 92 92 92 94 100 100 101 132 132 132 132 132 132 132 132 132 132 132 132 132 132 132 141 141 141 141 141 141 141 141 141 141 141 144 144 144 144 144 144 144 144
45 57 61 82 82 98 98 104 104 104 104 104 106 106 106 106 106 106 122 122 122 122 122 122 122 122 142 142 142 161 166 166 166 166 175 175 175 177 177 177 177 180 189 189 189 189 192 192 196 196
51 60 60 69 79 79 92 92 104 104 106 106 106 106 107 107 107 107 110 110 117 118 118 118 118 118 118 118 128 128 134 134 134 134 134 135 135 135 135 135 141 141 141 141 141 141 150 152 152 152
50 63 72 72 72 72 72 72 72 93 93 93 93 93 93 93 93 93 93 93 93 93 93 93 93 93 97 97 97 97 97 97 106 106 106 118 118 118 118 118 118 118 127 127 127 127 127 129 129 129
49 61 62 62 66 66 84 89 90 90 90 94 94 94 94 109 113 123 123 133 133 133 133 133 133 133 147 147 147 151 151 163 163 163 163 163 163 163 163 168 168 168 169 169 169 169 169 190 190 190
