49 49 84 84 88 96 108 108 108 119 119 132 137 137 137 144 144 144 144 144 144 167 167 167 187 199 199 204 204 207 209 224 224 231 236 236 236 242 251 251 269 270 270 270 283 299 299 308 325 339
51 56 79 80 80 103 103 103 113 115 116 116 121 134 134 147 156 156 156 157 163 164 180 196 196 196 196 204 209 214 216 221 234 234 234 238 244 259 259 259 263 263 274 274 278 285 285 307 307 307
48 63 63 68 79 79 81 81 90 90 93 110 110 110 113 121 121 129 136 139 151 151 158 158 158 173 173 185 185 208 219 219 231 237 262 272 272 272 272 272 272 301 301 301 301 303 303 322 329 329
53 62 72 72 78 84 84 84 89 89 97 97 102 111 113 113 113 113 132 135 135 147 147 147 155 182 187 187 191 210 210 251 251 251 251 251 251 251 251 251 253 257 270 324 324 330 330 330 330 330
50 56 57 65 73 87 87 87 95 95 105 117 117 117 117 130 130 130 130 135 136 150 161 167 167 175 175 180 180 180 180 180 180 195 195 197 197 197 202 202 203 222 224 224 239 239 242 242 242 242
51 59 94 94 105 109 116 116 139 146 149 149 149 149 162 162 162 162 163 183 183 195 195 206 210 210 224 224 224 230 232 246 258 258 258 258 267 267 279 297 297 297 297 297 307 322 322 322 322 322
51 59 70 76 87 87 95 96 96 96 97 100 125 137 137 137 137 137 137 150 150 150 150 150 150 170 170 170 170 170 182 182 192 192 195 195 197 204 204 238 246 246 248 248 262 266 266 276 276 276
50 65 76 77 90 90 90 90 90 90 101 101 101 107 107 107 107 107 107 107 111 116 116 116 116 116 119 127 141 141 154 154 154 154 154 159 159 159 180 180 200 200 200 200 207 220 220 221 221 221
46 66 66 66 69 80 80 80 80 82 86 94 94 103 125 125 142 142 144 144 158 162 176 176 196 196 196 196 196 196 196 201 210 212 212 212 216 219 247 255 255 255 258 270 270 270 270 270 270 282
49 57 57 81 81 81 81 88 88 100 100 100 109 109 114 115 131 131 131 136 142 142 142 149 156 156 164 185 185 185 185 185 187 194 208 208 218 218 218 218 229 233 254 254 266 266 268 295 295 295
