110 118 118 131 131 140 141 141 148 148 150 153 153 153 153 153 153 153 153 164 164 164 164 164 164 164 164 164 186 186 186 186 186 186 186 186 186 186 186 186 188 188 188 188 188 188 188 188 188 218
112 117 123 125 153 153 153 153 153 175 190 190 190 190 190 190 190 190 190 190 190 190 190 190 206 206 206 215 215 215 216 217 217 217 217 217 217 217 217 217 217 217 217 273 273 273 273 273 273 273
111 115 124 124 124 124 124 125 130 138 138 138 143 143 145 145 146 146 146 146 158 158 158 158 158 158 158 159 170 171 171 171 171 171 171 171 171 206 206 206 206 206 223 223 223 223 256 256 256 256
113 117 132 139 139 139 144 144 145 145 164 164 164 164 173 173 173 173 173 173 173 173 177 177 177 177 177 177 177 177 177 177 177 177 177 177 191 191 191 191 191 201 201 201 208 208 208 217 217 217
120 120 125 134 139 139 139 140 140 140 142 144 149 149 149 165 165 165 165 165 165 165 165 170 170 170 170 170 170 175 175 175 175 175 175 175 175 175 182 182 182 182 182 182 182 182 190 190 190 190
114 128 128 138 138 144 144 144 147 147 151 151 155 167 167 173 184 184 184 184 184 184 184 184 184 185 185 185 234 234 234 234 234 234 234 234 234 234 234 234 234 234 234 234 234 234 234 234 234 234
111 139 139 139 139 155 155 167 167 175 175 175 175 175 175 175 175 175 175 175 175 175 175 175 175 175 175 175 189 191 191 195 195 195 195 195 195 195 204 217 217 217 217 217 217 222 222 222 222 222
113 115 119 134 134 135 135 135 135 135 135 135 144 144 144 144 144 144 144 152 154 154 154 154 154 154 161 161 161 161 163 163 163 163 163 163 166 166 166 166 172 172 172 172 172 172 173 173 174 174
110 126 154 154 154 154 154 154 154 154 154 169 169 172 180 180 209 209 209 209 209 209 209 209 209 209 209 215 215 225 225 225 225 225 225 227 258 258 258 258 276 278 278 278 278 278 280 283 283 294
113 126 126 131 131 136 136 137 137 155 155 155 155 155 155 158 163 170 184 184 184 184 184 184 184 190 190 198 198 198 209 209 209 209 209 209 209 213 218 218 218 218 218 218 225 225 225 309 311 311
