115 115 115 115 115 115 115 115 115 115 116 116 116 116 116 116 126 126 126 126 126 126 126 126 126 126 126 126 126 126 126 126 129 129 129 129 129 129 129 129 129 129 137 137 140 140 140 140 140 140
107 113 118 135 135 135 135 135 135 135 135 135 135 143 143 143 143 143 143 143 143 143 143 144 144 144 146 146 146 146 146 146 146 146 146 146 146 146 146 146 146 146 146 146 146 146 146 146 146 146
114 122 122 122 122 122 136 137 141 141 141 150 150 150 150 150 150 155 155 155 157 157 157 157 157 158 158 158 158 158 158 158 158 158 158 158 158 158 158 175 175 175 175 175 175 175 175 184 184 184
108 108 109 121 130 130 130 130 130 130 130 130 135 135 135 135 151 151 151 151 151 151 151 151 151 151 151 151 151 151 151 151 151 151 151 151 151 151 151 151 151 151 151 151 151 151 151 151 151 151
107 117 117 117 117 117 132 132 132 132 132 132 132 132 132 132 132 132 137 137 137 137 137 137 137 137 137 137 137 137 137 137 137 140 140 140 140 140 182 182 182 182 182 182 182 182 182 182 182 182
107 108 122 122 122 125 136 136 136 136 136 136 152 152 152 152 152 152 152 157 157 157 157 157 157 157 157 157 157 157 157 157 157 157 157 157 157 157 158 158 158 158 158 158 158 158 158 158 158 158
106 107 118 118 120 120 120 120 120 120 124 125 130 132 132 133 134 134 134 136 136 136 136 136 136 136 136 142 171 171 171 171 171 175 175 175 175 175 175 175 175 175 175 175 175 175 175 175 175 175
108 108 108 108 109 125 125 128 128 128 128 128 137 137 137 137 137 137 137 137 137 137 137 138 138 138 138 138 138 138 138 143 144 144 144 144 144 144 144 144 144 144 144 144 144 144 144 144 144 144
110 110 118 118 118 124 129 129 129 129 129 133 139 139 139 139 139 139 139 139 139 139 139 139 139 140 140 140 140 140 140 140 140 140 140 140 140 140 140 154 154 154 154 154 154 154 154 154 154 154
111 118 121 121 124 124 124 124 128 128 128 128 142 142 142 142 142 142 142 142 142 144 144 144 144 144 144 144 144 144 144 144 144 144 144 144 144 144 146 146 146 146 152 152 152 152 152 152 152 152
