51 53 67 85 85 87 101 109 130 130 130 130 130 135 135 136 150 150 150 150 150 150 168 168 179 186 186 199 199 214 214 214 226 226 226 226 228 228 228 228 240 240 240 240 255 255 255 255 255 255
51 59 67 68 83 83 103 103 109 116 139 139 139 139 142 151 151 151 151 151 151 151 151 161 161 171 171 171 172 184 184 184 190 190 190 190 190 193 193 199 199 199 199 215 215 217 217 217 224 241
51 64 64 84 84 84 98 98 101 110 120 120 143 151 163 163 173 173 177 177 189 195 198 212 223 223 223 223 223 223 225 244 244 244 244 244 269 269 269 269 278 278 283 283 283 283 283 283 308 308
48 63 63 84 95 99 99 126 133 139 142 148 157 175 175 178 178 178 187 187 187 200 200 225 229 229 234 245 245 268 268 268 283 283 283 283 283 285 285 294 294 294 294 294 299 307 308 321 321 321
48 56 59 60 71 71 76 76 76 80 80 89 89 109 109 159 159 168 171 174 185 192 198 198 198 198 244 244 244 244 244 251 251 254 262 262 271 271 276 276 276 296 296 296 296 296 296 296 321 327
47 68 81 92 92 97 103 104 109 109 111 121 121 130 135 135 161 161 161 161 161 162 178 178 178 178 178 178 183 195 195 195 195 200 200 202 207 207 209 209 220 220 245 245 245 245 245 248 248 263
50 63 67 67 69 72 83 103 113 113 119 119 119 126 126 126 128 139 139 139 139 143 151 151 151 151 151 151 163 163 163 163 163 163 171 171 180 180 180 181 181 181 193 193 193 193 193 195 204 204
50 64 73 73 73 73 73 74 98 98 98 98 98 98 107 107 115 115 115 115 115 120 121 121 139 139 139 139 139 139 149 166 166 166 166 166 166 166 166 166 170 170 170 170 171 171 182 198 198 207
50 61 82 82 92 92 92 92 98 99 99 99 107 107 107 107 107 117 117 117 120 120 128 142 143 159 159 159 177 178 186 186 221 221 221 221 221 221 221 221 227 227 227 227 227 233 233 233 233 233
50 62 75 75 83 85 86 97 113 113 113 158 158 158 158 158 164 164 168 173 173 173 173 173 186 196 202 206 206 216 216 216 216 216 216 216 223 223 227 239 239 244 252 252 252 252 252 252 252 252
