109 121 121 121 121 121 124 126 126 126 126 135 135 135 135 135 135 137 137 137 137 137 146 146 146 146 146 146 146 146 146 157 157 157 157 158 158 158 158 158 158 158 158 159 159 159 159 159 160 160
109 122 125 141 141 141 141 147 147 147 147 147 147 147 147 147 152 152 154 154 154 159 159 159 178 178 178 178 178 178 178 178 178 178 178 178 178 178 178 178 178 178 178 178 178 178 178 178 178 178
112 112 123 129 133 143 143 143 143 144 144 144 144 144 144 146 146 146 146 158 158 158 158 158 158 158 158 158 158 158 158 158 159 159 159 159 159 159 159 159 159 159 159 159 159 159 162 162 162 162
111 127 128 128 130 139 145 145 145 145 145 151 151 166 166 166 166 166 166 171 171 171 171 171 171 171 171 171 171 171 171 171 172 172 172 172 172 172 172 172 180 180 180 180 180 180 180 180 180 180
111 111 120 134 137 137 137 139 150 150 150 150 150 150 150 150 150 150 150 150 150 150 150 150 150 150 150 150 150 153 156 156 156 156 156 156 156 156 156 156 163 163 163 163 163 163 163 163 177 177
110 122 122 122 131 131 131 131 131 131 135 135 135 135 135 135 135 135 135 135 135 135 135 135 135 135 135 135 135 147 147 147 147 147 154 154 154 154 154 154 154 154 154 154 154 154 154 154 154 154
113 116 130 130 130 134 134 134 134 138 138 146 146 146 146 146 146 146 146 146 156 156 156 156 156 156 156 156 156 159 159 159 161 161 175 175 175 175 175 175 175 175 175 175 175 175 175 175 175 175
109 109 113 137 147 147 147 148 148 156 157 157 157 157 157 157 157 163 163 165 169 169 169 169 169 169 169 169 169 169 169 169 169 169 169 169 169 172 172 172 172 172 172 172 172 172 172 172 172 172
111 118 118 122 122 122 135 135 135 135 135 145 145 145 145 145 145 145 145 145 153 153 153 161 161 161 161 161 161 161 161 161 161 161 164 164 164 164 164 164 164 164 164 164 164 164 178 178 189 189
113 113 124 156 156 156 156 164 167 167 167 167 167 167 174 174 174 174 174 174 174 174 174 174 174 174 185 185 185 187 187 198 198 198 198 198 198 198 198 213 213 213 213 213 213 213 213 213 213 213
