114 114 115 123 125 127 127 127 127 127 149 149 149 149 149 149 149 149 149 149 149 149 149 149 149 149 149 149 149 149 149 149 152 152 152 152 152 152 154 154 154 154 154 159 159 159 159 168 168 168
114 116 133 133 133 134 134 134 134 134 136 136 136 136 136 136 136 136 136 136 136 136 136 136 136 136 136 136 136 136 136 136 136 136 136 136 136 136 146 146 146 146 150 152 152 152 152 152 152 152
106 114 127 127 127 127 127 127 127 127 127 127 127 127 127 127 127 127 127 127 127 127 127 127 127 127 127 140 140 140 140 140 140 140 145 145 145 145 145 145 145 145 145 156 156 156 156 156 156 156
104 115 115 115 115 115 115 115 117 117 117 117 117 117 117 117 117 117 117 121 121 121 121 121 121 126 126 126 126 126 126 126 126 133 133 133 133 133 133 133 133 133 133 133 133 133 133 133 133 140
117 119 124 125 125 125 135 135 135 135 135 135 135 135 135 135 135 135 135 135 135 135 135 135 135 135 135 135 135 143 143 143 143 143 143 143 143 143 150 150 150 150 150 150 150 150 150 150 150 150
108 119 123 123 123 123 143 143 143 146 146 146 146 146 146 146 148 148 148 148 148 148 148 156 156 156 156 180 180 180 180 180 180 180 180 180 180 180 180 180 180 180 180 180 180 180 180 180 180 180
105 105 111 116 116 116 116 116 116 116 116 116 116 116 116 116 117 117 117 117 117 126 126 126 126 126 126 126 126 126 126 126 126 127 127 127 127 127 127 127 127 127 127 127 127 127 127 128 128 128
107 123 123 123 123 136 136 136 136 136 144 144 144 144 144 151 151 151 151 151 151 151 151 151 151 151 151 151 151 151 151 151 151 155 155 155 155 155 199 199 199 199 199 199 199 199 199 199 199 199
105 106 106 118 120 121 121 121 121 121 121 121 123 123 140 140 140 140 140 140 140 140 160 160 160 160 160 160 160 160 160 160 160 160 160 160 160 160 160 160 160 160 160 160 160 160 160 160 160 160
105 114 126 128 128 128 128 143 143 143 143 143 143 143 143 143 143 144 144 144 144 144 144 144 144 144 144 144 144 144 144 144 144 144 144 144 144 144 144 144 144 144 164 164 164 164 164 164 164 164
