51 72 74 74 84 84 84 84 84 85 94 99 105 105 105 105 105 105 105 112 112 112 112 113 127 127 127 127 127 127 127 127 127 127 127 127 127 127 127 127 127 127 127 132 132 132 136 136 136 148
50 56 59 68 68 72 72 72 94 94 94 94 94 97 97 99 99 103 103 103 104 108 108 108 125 127 127 127 127 127 127 127 127 127 127 127 127 128 128 128 128 128 149 149 149 149 149 149 149 149
48 51 63 64 74 78 78 78 86 86 86 86 86 104 104 104 104 104 104 104 104 104 104 104 104 104 104 104 109 122 122 122 122 122 122 122 122 128 128 128 128 128 128 141 141 141 141 141 155 155
45 56 70 70 70 70 72 73 73 73 80 100 100 100 100 100 100 100 100 100 100 100 110 110 110 115 115 115 115 115 115 115 115 115 115 115 115 115 123 123 123 123 123 123 123 123 148 148 148 148
47 59 62 65 69 69 69 73 73 73 73 73 78 83 89 89 90 90 104 104 104 104 104 104 104 112 112 112 112 112 124 124 124 124 131 131 131 132 132 132 144 144 144 144 144 144 144 144 144 144
46 51 65 66 68 79 79 79 88 88 88 88 88 90 90 90 106 106 106 106 106 106 106 106 106 106 106 106 106 106 106 106 106 106 130 130 130 130 130 130 130 130 130 130 139 139 139 139 139 139
54 61 66 66 66 72 79 79 82 82 82 82 82 82 97 97 97 97 97 97 97 100 106 106 106 106 106 106 106 106 106 106 106 106 106 117 117 117 117 117 117 117 117 117 117 117 117 117 119 119
51 51 62 64 81 81 81 84 84 84 91 107 111 111 111 111 111 111 121 121 121 125 125 125 125 145 145 147 148 148 148 148 148 148 153 153 153 166 166 166 172 183 183 183 183 183 183 183 183 183
50 57 65 66 71 71 73 73 80 80 82 91 91 91 113 113 113 120 120 120 120 120 120 120 120 120 135 135 135 135 135 135 141 141 153 153 153 153 153 153 153 153 155 155 155 159 159 159 159 159
50 58 61 65 70 70 74 74 74 74 84 84 84 104 104 104 104 104 110 110 110 110 110 112 112 133 139 139 139 139 147 147 147 147 147 147 159 159 159 159 159 159 159 160 160 168 168 168 168 170
