49 57 57 61 61 70 70 70 70 70 70 70 70 70 70 70 70 70 70 70 83 83 83 83 83 83 83 83 83 83 83 83 83 103 103 103 103 103 103 103 103 103 103 103 103 103 103 103 103 103
49 56 61 80 80 80 80 80 80 81 85 85 89 89 89 113 113 113 113 113 113 113 113 113 117 117 117 117 117 117 117 117 117 123 123 123 133 133 133 139 139 139 139 139 139 139 139 139 139 139
45 50 74 74 74 87 87 93 94 94 94 94 94 94 108 108 113 113 113 115 115 115 115 115 115 115 119 119 119 119 119 119 119 119 119 135 135 140 140 140 141 150 150 150 150 150 150 150 164 164
44 54 75 75 75 75 75 75 75 75 75 75 75 75 85 85 85 85 85 85 89 89 90 90 102 102 102 102 102 102 102 102 102 102 102 102 102 102 102 102 102 102 102 102 102 102 102 102 102 102
47 58 65 65 65 65 67 67 74 74 74 74 74 82 87 87 87 87 97 109 109 109 109 109 109 109 109 109 131 131 131 131 131 131 131 131 131 131 131 131 131 131 131 131 131 131 131 131 131 131
47 54 56 56 58 62 70 70 73 80 80 80 80 80 95 96 96 100 100 100 102 102 102 107 107 107 107 107 107 107 107 107 107 127 127 127 127 127 127 127 127 127 128 128 128 128 128 128 128 128
51 51 67 68 68 76 76 76 86 86 86 86 90 90 90 90 90 90 92 92 92 92 92 92 92 94 94 105 105 128 128 128 128 128 128 135 135 135 135 135 135 135 135 135 135 135 135 135 135 135
45 69 69 69 69 69 69 69 69 69 69 69 69 74 74 74 74 79 79 79 79 79 79 79 79 79 80 84 84 84 86 86 86 86 86 86 86 86 86 86 86 86 86 86 86 86 86 86 86 86
47 50 72 72 72 72 72 72 72 76 76 76 76 78 79 79 79 79 79 79 79 81 81 85 85 85 85 111 111 111 111 111 111 111 111 111 111 111 111 111 111 111 111 111 111 111 111 111 111 111
45 57 57 58 58 58 58 58 58 70 83 83 83 83 84 84 84 84 84 84 84 84 84 84 84 84 84 84 84 84 84 84 84 84 84 84 84 84 84 84 84 84 84 84 84 84 84 84 84 84
