111 111 119 121 125 125 125 125 161 161 179 179 179 179 181 181 181 181 181 181 181 181 181 181 183 183 183 193 219 219 219 219 219 219 219 219 219 219 219 219 219 219 219 219 219 219 219 219 219 219
102 116 116 124 124 126 128 128 130 146 146 146 146 147 150 150 150 150 162 162 162 162 187 187 187 187 187 187 187 187 187 192 192 192 192 192 192 192 192 192 192 192 192 192 192 192 192 192 192 192
113 113 121 141 141 141 141 142 142 142 142 142 143 143 143 144 144 144 144 144 144 174 174 174 174 174 174 174 174 174 176 189 189 189 189 207 207 207 207 218 218 218 218 218 218 218 218 218 218 218
114 129 146 148 148 148 164 164 164 164 164 164 164 164 164 164 164 164 164 164 164 164 164 164 164 164 164 164 164 164 168 168 168 170 170 170 180 180 180 180 182 182 182 182 182 182 182 182 182 182
108 116 123 123 127 138 139 139 139 139 139 139 149 149 149 149 151 158 162 162 162 162 162 162 169 170 170 170 170 170 170 170 170 196 196 196 196 196 196 196 196 196 196 196 196 196 196 196 196 196
111 125 125 130 143 143 143 143 143 143 143 144 144 146 146 146 146 158 158 158 158 158 161 161 161 164 164 164 166 171 171 171 171 171 171 171 171 171 171 171 171 171 171 173 181 181 181 181 183 183
115 120 120 137 137 137 137 137 137 143 143 143 143 147 147 147 155 155 155 161 161 161 174 174 174 174 187 187 187 187 187 187 187 187 187 215 215 215 215 215 215 215 215 215 215 215 215 215 223 223
113 122 145 145 145 145 145 145 145 145 145 145 145 145 145 145 145 145 145 146 146 146 146 146 146 146 146 146 146 146 146 159 159 159 159 159 159 159 159 159 159 159 159 159 159 159 159 159 159 159
110 126 126 143 143 143 143 143 153 153 153 154 155 156 156 164 164 166 166 166 166 166 166 166 166 176 176 176 180 180 180 180 180 180 180 180 180 180 180 180 181 181 181 181 181 181 181 181 181 182
110 116 124 124 125 125 125 127 127 129 139 139 139 139 139 139 146 146 146 146 146 146 146 146 146 154 154 154 154 154 154 154 154 154 160 160 160 160 160 160 160 160 160 160 160 160 160 160 160 162
