50 68 68 103 103 103 108 108 108 109 109 109 109 115 115 117 117 117 117 127 127 127 132 132 132 154 155 159 159 159 161 180 180 180 195 195 195 195 195 195 215 220 220 220 220 220 220 220 220 220
49 69 69 71 73 73 73 84 84 85 85 85 110 110 110 110 110 110 110 110 110 110 110 110 112 112 112 121 121 121 121 122 131 131 131 131 131 132 142 146 146 167 167 167 167 167 167 167 167 167
48 70 85 88 88 88 88 98 105 105 105 109 109 111 111 114 138 138 138 138 147 147 147 147 147 147 147 147 162 163 174 174 174 174 174 174 174 174 174 174 174 174 174 174 187 187 187 187 187 187
49 73 73 73 79 87 87 100 100 100 101 112 112 112 112 112 126 126 126 126 126 128 128 134 134 134 153 153 153 153 153 159 165 165 165 172 172 172 172 172 172 172 172 172 172 172 193 193 193 200
50 59 68 115 115 117 117 117 117 117 124 132 132 132 132 132 132 140 140 149 149 151 151 151 151 151 151 151 151 151 157 157 159 159 171 171 171 171 171 183 183 183 204 204 204 204 204 204 204 204
48 58 65 65 68 72 72 83 89 92 101 101 101 101 116 116 116 116 116 116 123 123 127 127 131 131 131 132 156 156 156 156 156 156 167 167 167 167 167 167 167 167 180 180 180 190 190 190 191 191
53 71 93 93 95 119 119 119 128 128 128 128 128 128 128 130 130 130 130 131 132 132 138 147 147 147 147 149 149 149 149 156 159 159 159 159 159 159 161 161 161 168 168 168 168 168 168 168 184 185
50 60 65 65 65 86 86 90 95 95 105 105 105 105 105 105 105 127 127 127 129 129 129 141 141 141 141 141 141 141 141 157 157 157 167 167 167 167 172 177 177 177 177 177 177 177 185 185 185 201
45 82 82 96 96 122 122 122 122 122 122 124 124 140 140 140 140 140 140 144 144 154 154 159 159 164 177 202 202 202 202 202 202 202 202 202 202 202 202 202 202 216 216 216 216 216 220 220 220 262
47 63 80 80 80 82 82 104 104 104 111 111 111 114 114 114 129 129 129 129 129 129 129 129 136 136 136 136 148 171 171 171 171 171 171 171 171 171 171 171 183 183 183 183 183 189 189 189 218 218
