108 110 111 114 121 129 129 135 135 135 135 135 135 135 148 148 148 148 148 148 151 151 151 151 152 152 152 152 152 152 152 152 152 152 152 152 152 152 152 152 152 152 152 152 152 154 154 154 154 154
109 114 115 115 124 125 132 132 132 136 136 136 136 136 136 136 139 147 147 147 147 147 147 147 147 147 147 147 147 152 152 152 152 152 152 152 152 152 152 152 152 152 158 158 158 158 158 158 158 158
106 106 129 129 134 134 134 139 139 139 141 141 155 155 155 155 163 183 183 183 183 183 183 189 189 189 189 189 189 189 189 189 189 189 189 189 189 189 189 189 189 189 189 189 189 189 189 189 189 189
108 108 108 108 110 111 120 120 120 120 132 132 132 132 132 132 132 132 132 132 132 132 132 132 132 132 132 132 132 132 132 132 132 132 132 132 132 132 132 132 132 132 132 132 132 132 132 132 132 132
113 113 113 113 113 128 128 128 128 128 128 128 128 128 128 128 128 128 128 128 128 132 132 140 140 140 140 140 140 140 140 140 140 140 140 140 140 140 140 140 140 140 143 143 143 143 143 143 143 143
105 105 105 105 107 107 115 119 119 119 119 119 119 119 119 122 122 122 122 122 122 122 122 133 133 133 133 133 133 133 133 133 133 133 133 133 147 147 147 147 147 147 147 147 147 147 147 147 147 147
108 125 125 125 125 125 125 125 125 125 125 125 125 125 125 125 128 128 128 128 128 128 128 128 128 134 134 134 143 149 149 149 149 149 149 149 149 149 150 150 150 150 150 150 150 150 150 150 150 150
113 117 129 129 129 129 129 131 131 131 142 142 142 142 142 142 142 142 144 145 145 145 145 145 145 145 145 145 145 145 145 192 192 192 192 192 192 192 192 192 192 192 192 192 192 192 192 192 192 192
107 110 114 128 128 134 140 140 140 140 140 140 146 146 146 146 146 146 146 146 146 146 146 147 147 147 147 147 147 147 147 147 147 147 147 149 149 149 149 161 161 161 161 161 161 161 161 161 161 161
110 110 127 127 127 127 127 127 127 127 127 140 140 140 140 140 140 140 140 140 149 149 149 149 149 149 149 149 149 149 149 149 149 149 149 149 149 149 167 167 167 172 172 172 172 172 172 172 172 172
