51 51 54 73 73 73 73 73 73 78 89 89 89 89 89 89 89 89 89 89 89 89 120 120 120 120 120 120 120 120 120 120 120 120 120 120 120 120 120 120 120 120 134 134 134 134 134 134 134 134
49 52 58 69 69 69 71 71 71 75 75 92 92 92 92 92 92 92 92 92 92 92 92 92 92 92 92 92 92 92 92 92 96 96 96 96 96 96 96 96 96 96 96 96 96 97 97 97 97 97
49 56 63 72 72 72 74 74 79 79 83 83 83 83 84 84 84 84 84 85 85 85 87 87 87 87 87 87 87 95 95 95 95 95 97 97 97 97 97 97 97 97 104 104 104 117 117 117 117 117
50 60 77 77 77 77 92 92 92 92 92 102 102 102 102 102 102 102 102 102 102 102 102 114 114 114 114 114 114 114 114 114 114 114 114 114 114 114 114 114 114 114 114 114 114 114 114 114 114 114
46 51 58 58 58 63 63 63 68 80 80 80 80 80 80 80 80 88 88 88 88 91 91 91 91 91 91 91 91 91 91 91 91 91 91 91 91 91 91 92 92 92 92 95 95 95 95 95 95 95
47 54 80 80 80 80 80 80 80 80 82 82 82 82 82 82 82 82 82 82 82 84 84 84 84 84 87 89 89 89 89 89 89 92 92 92 92 92 92 120 120 120 120 120 120 120 120 120 120 120
51 51 60 62 74 74 74 74 92 92 92 92 92 92 92 92 92 92 92 92 92 92 92 92 92 92 92 92 92 92 92 92 92 92 92 109 109 109 109 109 109 109 109 109 109 109 109 109 109 109
48 59 63 78 78 84 84 84 84 84 84 84 84 84 84 84 84 84 84 84 84 84 84 84 84 84 84 88 88 99 99 99 99 99 99 99 99 99 99 99 99 99 99 99 99 99 99 99 102 102
53 61 63 64 67 69 69 69 69 83 83 83 83 83 83 83 83 83 83 83 83 83 83 83 83 83 83 83 83 83 84 84 84 84 84 89 89 89 89 89 89 98 98 98 98 98 98 98 98 98
49 70 70 70 74 85 85 85 85 85 85 86 86 86 86 86 86 86 93 93 93 93 107 107 107 107 107 107 107 107 107 107 107 107 107 107 107 119 119 119 119 119 119 119 119 119 119 119 119 119
